91242673120280,0
91242673151333,1
91242673184390,2
91242673219046,3
91242673249608,4
91242673283749,5
91242673317883,6
91242673362156,7
91242673461082,8
91242673562315,9
91242673665573,10
91242673767307,11
91242673865028,12
91242673963021,13
91242674066253,14
91242674162356,15
91242674261968,16
91242674366282,17
91242674463205,18
91242674562012,19
91242674662628,20
91242674761503,21
91242674867887,22
91242674966361,23
91242675061490,24
91242675162008,25
91242675262677,26
91242675361531,27
91242675463288,28
91242675564860,29
91242675664936,30
91242675763430,31
91242675861939,32
91242675962811,33
91242676064374,34
91242676166777,35
91242676261211,36
91242676361472,37
91242676466201,38
91242676562287,39
91242676661574,40
91242676765296,41
91242676861277,42
91242676961222,43
91242677061166,44
91242677161809,45
91242677265945,46
91242677366070,47
91242677461172,48
91242677562575,49
91242677671282,50
91242677761193,51
91242677865182,52
91242677965911,53
91242678065199,54
91242678161234,55
91242678261169,56
91242678361381,57
91242678461291,58
91242678565357,59
91242678661205,60
91242678761297,61
91242678865222,62
91242678968170,63
91242679061322,64
91242679168019,65
91242679262489,66
91242679361130,67
91242679461208,68
91242679565203,69
91242679665140,70
91242679765224,71
91242679861419,72
91242679963596,73
91242680061558,74
91242680162637,75
91242680261610,76
91242680365627,77
91242680466830,78
91242680561952,79
91242680661728,80
91242680761628,81
91242680862591,82
91242680966689,83
91242681064190,84
91242681164060,85
91242681265022,86
91242681365700,87
91242681466149,88
91242681570209,89
91242681665030,90
91242681762784,91
91242681863066,92
91242681965171,93
91242682062126,94
91242682167275,95
91242682262814,96
91242682363068,97
91242682465986,98
91242682561546,99
91242682662612,100
91242682765885,101
91242682865157,102
91242682961685,103
91242683061609,104
91242683162278,105
91242683261362,106
91242683366527,107
91242683462326,108
91242683566127,109
91242683663791,110
91242683762968,111
91242683862704,112
91242683966897,113
91242684062363,114
91242684162328,115
91242684261261,116
91242684361975,117
91242684461555,118
91242684566235,119
91242684662154,120
91242684764707,121
91242684864363,122
91242684964445,123
91242685066028,124
91242685165664,125
91242685262738,126
91242685361398,127
91242685462697,128
91242685562892,129
91242685665399,130
91242685767028,131
91242685862057,132
91242685962183,133
91242686062642,134
91242686162760,135
91242686261788,136
91242686368580,137
91242686464396,138
91242686564349,139
91242686664474,140
91242686764612,141
91242686864550,142
91242686968533,143
91242687064472,144
91242687164576,145
91242687264486,146
91242687364379,147
91242687464627,148
91242687568246,149
91242687664410,150
91242687764163,151
91242687864447,152
91242687964845,153
91242688064098,154
91242688168518,155
91242688264363,156
91242688364272,157
91242688465052,158
91242688562429,159
91242688661902,160
91242688766558,161
91242688862162,162
91242688966428,163
91242689065875,164
91242689162402,165
91242689265796,166
91242689366464,167
91242689463003,168
91242689562588,169
91242689662317,170
91242689765405,171
91242689862134,172
91242689970013,173
91242690065844,174
91242690169974,175
91242690261880,176
91242690362698,177
91242690461989,178
91242690566588,179
91242690662601,180
91242690762589,181
91242690862641,182
91242690961200,183
91242691062369,184
91242691166043,185
91242691261867,186
91242691362622,187
91242691462649,188
91242691562543,189
91242691662715,190
91242691766601,191
91242691862696,192
91242691963688,193
91242692063349,194
91242692162739,195
91242692262623,196
91242692365777,197
91242692462659,198
91242692562631,199
91242692671471,200
91242692764235,201
91242692863935,202
91242692964487,203
91242693064977,204
91242693161139,205
91242693262510,206
91242693361953,207
91242693461964,208
91242693561271,209
91242693661966,210
91242693761118,211
91242693866797,212
91242693961875,213
91242694065298,214
91242694161320,215
91242694261063,216
91242694361166,217
91242694461302,218
91242694562521,219
91242694662154,220
91242694763202,221
91242694861160,222
91242694961935,223
91242695062839,224
91242695164440,225
91242695264588,226
91242695362591,227
91242695462619,228
91242695562241,229
91242695662332,230
91242695764832,231
91242695861914,232
91242695962623,233
91242696061830,234
91242696162397,235
91242696265652,236
91242696361973,237
91242696462662,238
91242696562620,239
91242696662645,240
91242696761985,241
91242696862025,242
91242696964149,243
91242697064276,244
91242697164633,245
91242697265457,246
91242697364727,247
91242697465572,248
91242697565473,249
91242697664435,250
91242697765435,251
91242697861915,252
91242697964096,253
91242698062649,254
91242698162823,255
91242698262953,256
91242698363139,257
91242698463051,258
91242698563237,259
91242698664074,260
91242698765460,261
91242698861882,262
91242698961981,263
91242699062191,264
91242699162165,265
91242699262686,266
91242699362695,267
91242699462718,268
91242699561910,269
91242699661614,270
91242699765764,271
91242699861661,272
91242699961555,273
91242700062738,274
91242700165158,275
91242700263841,276
91242700363777,277
91242700464249,278
91242700565715,279
91242700665643,280
91242700761383,281
91242700863563,282
91242700962720,283
91242701064169,284
91242701161892,285
91242701261267,286
91242701366048,287
91242701465254,288
91242701565504,289
91242701666197,290
91242701761874,291
91242701865513,292
91242701965362,293
91242702065903,294
91242702162041,295
91242702262153,296
91242702365376,297
91242702461910,298
91242702565285,299
91242702662464,300
91242702765294,301
91242702865241,302
91242702962117,303
91242703061192,304
91242703162739,305
91242703262862,306
91242703361258,307
91242703462460,308
91242703565625,309
91242703661237,310
91242703765241,311
91242703865166,312
91242703965546,313
91242704061357,314
91242704165193,315
91242704261221,316
91242704361510,317
91242704465678,318
91242704561268,319
91242704661195,320
91242704761278,321
91242704861240,322
91242704961280,323
91242705061247,324
91242705161931,325
91242705265310,326
91242705364075,327
91242705462008,328
91242705584374,329
91242705661352,330
91242705761538,331
91242705861471,332
91242705961376,333
91242706064844,334
91242706162814,335
91242706261653,336
91242706362390,337
91242706461365,338
91242706561995,339
91242706662342,340
91242706762036,341
91242706862267,342
91242706961785,343
91242707061254,344
91242707161162,345
91242707263437,346
91242707361385,347
91242707462993,348
91242707561401,349
91242707661431,350
91242707764887,351
91242707863031,352
91242707961429,353
91242708062129,354
91242708163349,355
91242708262341,356
91242708362168,357
91242708462260,358
91242708562555,359
91242708661930,360
91242708763024,361
91242708866084,362
91242708964693,363
91242709062633,364
91242709162847,365
91242709261491,366
91242709363263,367
91242709461508,368
91242709563105,369
91242709666410,370
91242709765898,371
91242709862068,372
91242709966943,373
91242710063148,374
91242710164584,375
91242710263646,376
91242710362441,377
91242710460646,378
91242710561673,379
91242710661419,380
91242710763678,381
91242710863319,382
91242710962327,383
91242711062469,384
91242711164191,385
91242711265994,386
91242711362313,387
91242711465645,388
91242711563572,389
91242711662696,390
91242711762808,391
91242711863296,392
91242711961507,393
91242712061508,394
91242712161455,395
91242712262885,396
91242712362544,397
91242712462295,398
91242712565209,399
91242712662336,400
91242712763356,401
91242712862277,402
91242712963097,403
91242713062952,404
91242713161640,405
91242713263174,406
91242713361755,407
91242713463188,408
91242713562955,409
91242713662687,410
91242713761395,411
91242713862023,412
91242713965968,413
