91238278896442,0
91238278927485,1
91238278960497,2
91238278994132,3
91238279027201,4
91238279060373,5
91238279134373,6
91238279229745,7
91238279328764,8
91238279429825,9
91238279528756,10
91238279625874,11
91238279729856,12
91238279829614,13
91238279930766,14
91238280025832,15
91238280130222,16
91238280233944,17
91238280331174,18
91238280427198,19
91238280531054,20
91238280631752,21
91238280731928,22
91238280828588,23
91238280928482,24
91238281037298,25
91238281131526,26
91238281229214,27
91238281326966,28
91238281426518,29
91238281531100,30
91238281626062,31
91238281732115,32
91238281831844,33
91238281927746,34
91238282027293,35
91238282127992,36
91238282227846,37
91238282332554,38
91238282429846,39
91238282529268,40
91238282633526,41
91238282727084,42
91238282827869,43
91238282933491,44
91238283028903,45
91238283131121,46
91238283231299,47
91238283326410,48
91238283430201,49
91238283531127,50
91238283627239,51
91238283726216,52
91238283830380,53
91238283926909,54
91238284027390,55
91238284130357,56
91238284230127,57
91238284326158,58
91238284426129,59
91238284526836,60
91238284626012,61
91238284730139,62
91238284826121,63
91238284926651,64
91238285030867,65
91238285126309,66
91238285227813,67
91238285331159,68
91238285426531,69
91238285526851,70
91238285626854,71
91238285727221,72
91238285832178,73
91238285931896,74
91238286027296,75
91238286126266,76
91238286226785,77
91238286328923,78
91238286427971,79
91238286530273,80
91238286631857,81
91238286727035,82
91238286827586,83
91238286926575,84
91238287026500,85
91238287130671,86
91238287226674,87
91238287327199,88
91238287434083,89
91238287527566,90
91238287627717,91
91238287730797,92
91238287827622,93
91238287927017,94
91238288030850,95
91238288128497,96
91238288232289,97
91238288331461,98
91238288427244,99
91238288527007,100
91238288627832,101
91238288727819,102
91238288833067,103
91238288930344,104
91238289026166,105
91238289127064,106
91238289227085,107
91238289340557,108
91238289437805,109
91238289531323,110
91238289627175,111
91238289730213,112
91238289827727,113
91238289926588,114
91238290027672,115
91238290131293,116
91238290226973,117
91238290326690,118
91238290426572,119
91238290529859,120
91238290631386,121
91238290730508,122
91238290829696,123
91238290930800,124
91238291027502,125
91238291126570,126
91238291226248,127
91238291332359,128
91238291427044,129
91238291527966,130
91238291626036,131
91238291727122,132
91238291827040,133
91238291930212,134
91238292026804,135
91238292126161,136
91238292226604,137
91238292326087,138
91238292428493,139
91238292531176,140
91238292626078,141
91238292734490,142
91238292825515,143
91238292929809,144
91238293025803,145
91238293130963,146
91238293227029,147
91238293326165,148
91238293426338,149
91238293527659,150
91238293627062,151
91238293740525,152
91238293828821,153
91238293927984,154
91238294027900,155
91238294127799,156
91238294228008,157
91238294331880,158
91238294427892,159
91238294527832,160
91238294626846,161
91238294727129,162
91238294827898,163
91238294931007,164
